[66,0,3,0,0,0,0,66,66,0,0,0,0,15,0,3,0,0,0,15,15,0,0,0,0,0,15]
[0,15,3,0,3,15,15,15,15,66,3,0,66,15,15,0,0,0,66,66,0,0,0,0,0,3]
[3,15,0,0,66,0,0,0,0,15,66,15,0,0,3,66,15,0,0,15,0,0,0,0,0]
[66,0,0,15,15,15,0,3,0,0,66,15,0,1,15,0,0,66,0,0,0,0,0,0]
[0,0,66,0,0,0,15,0,0,15,66,0,66,66,15,0,15,0,0,0,0,0,0]
[0,0,0,0,0,0,0,15,0,0,0,0,0,0,0,0,66,0,0,0,66,0]
[0,0,0,66,15,0,0,0,66,66,0,0,0,15,15,0,0,0,66,0,0]
[0,0,0,66,66,0,66,15,0,15,15,66,0,3,0,0,0,0,0,0]
[15,0,0,0,0,3,0,15,0,0,0,3,66,0,0,0,0,0,0]
[0,0,0,0,66,0,0,1,0,0,0,3,0,15,0,0,0,66]
[66,0,0,0,15,15,0,0,0,66,3,0,0,0,0,0,0]
[15,0,15,66,3,3,0,15,15,15,0,0,0,0,0,0]
[0,15,0,0,0,0,15,0,0,0,0,0,0,0,0]
[0,0,0,0,15,0,0,0,66,0,0,0,0,0]
[3,0,1,3,0,0,15,0,3,0,0,0,15]
[15,15,0,3,3,66,0,0,0,15,0,0]
[0,0,0,66,66,0,0,0,15,0,0]
[15,66,0,0,0,0,0,0,0,0]
[3,0,0,66,0,0,0,0,0]
[0,0,0,0,0,0,0,0]
[15,0,0,0,0,0,0]
[0,0,0,3,0,0]
[0,0,0,0,0]
[66,0,0,66]
[0,0,15]
[0,0]
[0]
[]


[325,66,0,3,0,0,0,0,66,66,0,0,0,0,15,0,3,0,0,0,15,15,0,0,0,0,0,15]
[66,325,0,15,3,0,3,15,15,15,15,66,3,0,66,15,15,0,0,0,66,66,0,0,0,0,0,3]
[0,0,325,3,15,0,0,66,0,0,0,0,15,66,15,0,0,3,66,15,0,0,15,0,0,0,0,0]
[3,15,3,325,66,0,0,15,15,15,0,3,0,0,66,15,0,1,15,0,0,66,0,0,0,0,0,0]
[0,3,15,66,300,0,0,66,0,0,0,15,0,0,15,66,0,66,66,15,0,15,0,0,0,0,0,0]

[0,0,0,0,0,325,0,0,0,0,0,0,0,15,0,0,0,0,0,0,0,0,66,0,0,0,66,0]

[0,3,0,0,0,0,300,0,0,0,66,15,0,0,0,66,66,0,0,0,15,15,0,0,0,66,0,0]
[0,15,66,15,66,0,0,325,0,0,0,66,66,0,66,15,0,15,15,66,0,3,0,0,0,0,0,0]
[66,15,0,15,0,0,0,0,325,15,0,0,0,0,3,0,15,0,0,0,3,66,0,0,0,0,0,0]
[66,15,0,15,0,0,0,0,15,300,0,0,0,0,66,0,0,1,0,0,0,3,0,15,0,0,0,66]
[0,15,0,0,0,0,66,0,0,0,325,66,0,0,0,15,15,0,0,0,66,3,0,0,0,0,0,0]
[0,66,0,3,15,0,15,66,0,0,66,325,15,0,15,66,3,3,0,15,15,15,0,0,0,0,0,0]
[0,3,15,0,0,0,0,66,0,0,0,15,325,0,15,0,0,0,0,15,0,0,0,0,0,0,0,0]
[0,0,66,0,0,15,0,0,0,0,0,0,0,325,0,0,0,0,15,0,0,0,66,0,0,0,0,0]
[15,66,15,66,15,0,0,66,3,66,0,15,15,0,300,3,0,1,3,0,0,15,0,3,0,0,0,15]
[0,15,0,15,66,0,66,15,0,0,15,66,0,0,3,325,15,15,0,3,3,66,0,0,0,15,0,0]
[3,15,0,0,0,0,66,0,15,0,15,3,0,0,0,15,325,0,0,0,66,66,0,0,0,15,0,0]
[0,0,3,1,66,0,0,15,0,1,0,3,0,0,1,15,0,325,15,66,0,0,0,0,0,0,0,0]
[0,0,66,15,66,0,0,15,0,0,0,0,0,15,3,0,0,15,325,3,0,0,66,0,0,0,0,0]
[0,0,15,0,15,0,0,66,0,0,0,15,15,0,0,3,0,66,3,325,0,0,0,0,0,0,0,0]
[15,66,0,0,0,0,15,0,3,0,66,15,0,0,0,3,66,0,0,0,351,15,0,0,0,0,0,0]
[15,66,0,66,15,0,15,3,66,3,3,15,0,0,15,66,66,0,0,0,15,325,0,0,0,3,0,0]
[0,0,15,0,0,66,0,0,0,0,0,0,0,66,0,0,0,0,66,0,0,0,325,0,0,0,0,0]
[0,0,0,0,0,0,0,0,0,15,0,0,0,0,3,0,0,0,0,0,0,0,0,325,66,0,0,66]
[0,0,0,0,0,0,0,0,0,0,0,0,0,0,0,0,0,0,0,0,0,0,0,66,325,0,0,15]
[0,0,0,0,0,0,66,0,0,0,0,0,0,0,0,15,15,0,0,0,0,3,0,0,0,325,0,0]
[0,0,0,0,0,66,0,0,0,0,0,0,0,0,0,0,0,0,0,0,0,0,0,0,0,0,325,0]
[15,3,0,0,0,0,0,0,0,66,0,0,0,0,15,0,0,0,0,0,0,0,0,66,15,0,0,325]

0 : (x,y,z)
1 : (-z,-x, y) -> (x,y,z)
2 : (z, -x, -y) -> (-y,-x,-z) -> (x,y,z)
3 : (-y,-x,-z) -> (x,y,z)
4 : (-x,y,-z) -> (-z,-x, y) -> (x,y,z)
5 : (-x,-z, -y) -> (y,-x,z) -> (x,-z, y) -> (-y,-x,-z) -> (x,y,z)
6 : (-z,-y, -x) -> (-z,-x, y) -> (x,y,z)
7 : (y, z, x) -> (-z,-x, y) -> (x,y,z)
8 : (-x,z, y) -> (x,y,z)
9 : (-x,-z, -y) -> (x,y,z)
10 : (-y,-z, x) -> (-z,-x, y) -> (x,y,z)
11 : (y,-x,z) -> (-z,-x, y) -> (x,y,z)
12 : (-x,-z, -y) -> (-z,-x, y) -> (x,y,z)
13 : (-y,x,z) -> (x,-z, y) -> (-y,-x,-z) -> (x,y,z)
14 : (x,-y,-z) -> (x,y,z)
15 : (-y,x,z) -> (-z,-x, y) -> (x,y,z)
16 : (y, -z, -x) -> (x,y,z)
17 : (x,y,z) -> (-y,-x,-z) -> (x,y,z)
18 : (x,-z, y) -> (-y,-x,-z) -> (x,y,z)
19 : (x, z, -y) -> (-x,y,-z) -> (-z,-x, y) -> (x,y,z)
20 : (y, z, x) -> (x,y,z)
21 : (-z, x, -y) -> (x,y,z)
22 : (y,-x,z) -> (x,-z, y) -> (-y,-x,-z) -> (x,y,z)
23 : (-y,-z, x) -> (-x,-z, -y) -> (x,y,z)
24 : (y,x,-z) -> (-y,-z, x) -> (-x,-z, -y) -> (x,y,z)
25 : (z, -x, -y) -> (-z,-y, -x) -> (-z,-x, y) -> (x,y,z)
26 : (-y,x,z) -> (-x,-z, -y) -> (y,-x,z) -> (x,-z, y) -> (-y,-x,-z) -> (x,y,z)
27 : (y,-x,z) -> (x,y,z)